0 0
1 0
2 0
3 0
4 0
5 0
6 0
7 0.9376
8 1.00536
9 0.7612
10 0.70768
11 0.65958
12 0.6167
13 0.57854
14 0.54732
15 0.51992
16 0.49744
17 0.47652
18 0.45668
19 0.43878
20 0.42366
21 0.40836
22 0.39504
23 0.38316
24 0.37178
25 0.36108
26 0.35248
27 0.34396
28 0.3352
29 0.32778
30 0.3206
31 0.31316
32 0.30648
33 0.30204
34 0.29738
35 0.2926
36 0.28774
37 0.22646
38 0.27896
39 0.27508
40 0.27122
41 0.2675
42 0.26282
43 0.2591
44 0.25632
45 0.25346
46 0.24966
47 0.24592
48 0.24288
49 0.24072
50 0.23778
51 0.23604
52 0.234
53 0.2315
54 0.2288
55 0.2265
56 0.22414
57 0.22154
58 0.2192
59 0.21734
60 0.2157
61 0.21382
62 0.21146
63 0.20922
64 0.20712
65 0.20556
66 0.20366
67 0.20244
68 0.20128
69 0.19928
70 0.19778
71 0.19674
72 0.1953
73 0.19454
74 0.19342
75 0.1922
76 0.19126
77 0.19014
78 0.18888
79 0.18786
80 0.1874
81 0.18604
82 0.18522
83 0.18402
84 0.1825
85 0.18144
86 0.18054
87 0.17944
88 0.17858
89 0.17804
90 0.17722
91 0.17634
92 0.17532
93 0.17482
94 0.17394
95 0.17282
96 0.17236
97 0.17132
98 0.17054
99 0.16966
100 0.16868
101 0.16786
102 0.16708
103 0.16674
104 0.16646
105 0.16574
106 0.16478
107 0.1643
108 0.16374
109 0.16324
110 0.16272
111 0.16216
112 0.16172
113 0.16122
114 0.1608
115 0.15978
116 0.15934
117 0.15856
118 0.158
119 0.15724
120 0.15674
121 0.15612
122 0.15582
123 0.15524
124 0.15438
125 0.15384
126 0.15314
127 0.15278
128 0.1524
129 0.15212
130 0.15158
131 0.15088
132 0.15064
133 0.15034
134 0.14984
135 0.1497
136 0.14944
137 0.14894
138 0.14846
139 0.14804
140 0.14746
141 0.14722
142 0.14684
143 0.14642
144 0.14608
145 0.1457
146 0.14558
147 0.14532
148 0.14522
149 0.14496
150 0.17344
151 0.14424
152 0.14406
153 0.14368
154 0.14342
155 0.14314
156 0.14286
157 0.14238
158 0.14186
159 0.1414
160 0.14102
161 0.14074
162 0.14048
163 0.1402
164 0.14006
165 0.13988
166 0.13934
167 0.13912
168 0.1389
169 0.13856
170 0.13842
171 0.13798
172 0.13774
173 0.13756
174 0.1374
175 0.13716
176 0.137
177 0.13688
178 0.13678
179 0.13668
180 0.13628
181 0.13594
182 0.1356
183 0.13548
184 0.13522
185 0.1351
186 0.13492
187 0.1346
188 0.13434
189 0.13422
190 0.13418
191 0.13394
192 0.13366
193 0.13332
194 0.1333
195 0.13306
196 0.13276
197 0.1324
198 0.13226
199 0.1322
200 0.13204
201 0.1318
202 0.1318
203 0.1318
204 0.13172
205 0.1316
206 0.13134
207 0.1312
208 0.13106
209 0.131
210 0.13094
211 0.1309
212 0.13072
213 0.1304
214 0.13018
215 0.12992
216 0.12968
217 0.1294
218 0.1293
219 0.12912
220 0.12886
221 0.12868
222 0.12836
223 0.1282
224 0.12818
225 0.1281
226 0.12806
227 0.128
228 0.1279
229 0.12788
230 0.12766
231 0.1276
232 0.12754
233 0.12738
234 0.1272
235 0.12702
236 0.1269
237 0.1268
238 0.1268
239 0.12674
240 0.1264
241 0.12614
242 0.12602
243 0.1259
244 0.12576
245 0.1256
246 0.1256
247 0.1256
248 0.1255
249 0.1255
250 0.12532
251 0.12518
252 0.12502
253 0.12482
254 0.1247
255 0.12456
256 0.1245
257 0.1245
258 0.12446
259 0.1244
260 0.12426
261 0.1242
262 0.1241
263 0.12376
264 0.12354
265 0.12344
266 0.1234
267 0.12324
268 0.1229
269 0.12264
270 0.12252
271 0.1225
272 0.1225
273 0.1225
274 0.1224
275 0.1224
276 0.1223
277 0.1222
278 0.12218
279 0.1221
280 0.1221
281 0.1221
282 0.1221
283 0.12206
284 0.122
285 0.12192
286 0.12188
287 0.1218
288 0.1218
289 0.1217
290 0.1217
291 0.1217
292 0.12168
293 0.1216
294 0.1216
295 0.1215
296 0.12146
297 0.1214
298 0.1214
299 0.1214
300 0.1213
301 0.12106
302 0.1209
303 0.1209
304 0.12076
305 0.1206
306 0.1206
307 0.1206
308 0.12048
309 0.12036
310 0.1203
311 0.12018
312 0.11988
313 0.11968
314 0.1196
315 0.1196
316 0.1196
317 0.1196
318 0.1196
319 0.1196
320 0.11952
321 0.1195
322 0.1195
323 0.11938
324 0.1193
325 0.11918
326 0.11906
327 0.119
328 0.119
329 0.119
330 0.119
331 0.11896
332 0.1189
333 0.1189
334 0.1188
335 0.1188
336 0.1188
337 0.1188
338 0.1188
339 0.1188
340 0.1188
341 0.11874
342 0.1187
343 0.11868
344 0.1186
345 0.1186
346 0.1186
347 0.11842
348 0.1184
349 0.1182
350 0.1182
351 0.11812
352 0.1181
353 0.1181
354 0.1181
355 0.1181
356 0.1181
357 0.11806
358 0.118
359 0.118
360 0.118
361 0.118
362 0.118
363 0.118
364 0.118
365 0.118
366 0.118
367 0.118
368 0.118
369 0.118
370 0.118
371 0.118
372 0.11798
373 0.1179
374 0.1179
375 0.1179
376 0.1179
377 0.1179
378 0.1179
379 0.1179
380 0.11782
381 0.1178
382 0.1178
383 0.1178
384 0.1178
385 0.1178
386 0.1178
387 0.1178
388 0.1178
389 0.11778
390 0.1177
391 0.1177
392 0.1177
393 0.1177
394 0.1176
395 0.11754
396 0.11736
397 0.1173
398 0.11728
399 0.11712
