0 0 0
1 0 0
2 0 0
3 0 0
4 0 0
5 0 0
6 0 0
7 3.71173 1.07385
8 4.18903 1.50559
9 4.65034 1.8391
10 4.98601 2.07701
11 5.33036 2.25977
12 5.72067 2.44829
13 6.13783 2.60314
14 6.51476 2.78097
15 6.86194 2.98557
16 7.1759 3.1406
17 7.4788 3.32376
18 7.86235 3.46194
19 8.19937 3.63731
20 8.48832 3.77062
21 8.80821 3.93408
22 9.13406 4.08374
23 9.42379 4.19908
24 9.69945 4.3565
25 9.93087 4.53711
26 10.1156 4.67102
27 10.353 4.74375
28 10.6165 4.83037
29 10.9294 4.92428
30 11.2133 5.02994
31 11.4829 5.17301
32 11.7596 5.2808
33 11.9711 5.38372
34 12.1913 5.48329
35 12.4029 5.62611
36 12.5898 5.73587
37 12.7972 5.82611
38 12.9752 5.90443
39 13.1401 6.00109
40 13.3106 6.12477
41 13.4657 6.18138
42 13.7015 6.2426
43 13.8729 6.34851
44 14.0221 6.40496
45 14.2009 6.4751
46 14.4058 6.59793
47 14.5891 6.70812
48 14.7759 6.7607
49 14.8833 6.83591
50 15.0522 6.8788
51 15.1776 6.89544
52 15.3271 6.96675
53 15.4849 7.06255
54 15.6695 7.16941
55 15.8183 7.26093
56 16.0065 7.32979
57 16.1725 7.43216
58 16.3428 7.5135
59 16.4765 7.58544
60 16.5512 7.70561
61 16.6855 7.72594
62 16.8518 7.78578
63 17.0467 7.81378
64 17.2169 7.88364
65 17.3578 7.95505
66 17.5246 8.0384
67 17.6434 8.12478
68 17.7707 8.16991
69 17.9222 8.23143
70 18.0425 8.27536
71 18.1103 8.32185
72 18.2372 8.35207
73 18.315 8.37154
74 18.4454 8.43305
75 18.602 8.51145
76 18.6878 8.57628
77 18.798 8.61797
78 18.9528 8.6457
79 19.087 8.65719
80 19.162 8.68677
81 19.3356 8.77306
82 19.4019 8.86287
83 19.5045 8.95022
84 19.7036 9.03014
85 19.8584 9.08818
86 19.9839 9.12219
87 20.1062 9.18
88 20.2249 9.25199
89 20.2926 9.27106
90 20.4121 9.31215
91 20.4808 9.35534
92 20.6233 9.38889
93 20.6784 9.42444
94 20.8372 9.46453
95 20.9892 9.53605
96 21.0097 9.59167
97 21.0862 9.68795
98 21.1692 9.69509
99 21.2879 9.74856
100 21.4222 9.82227
101 21.5655 9.87513
102 21.7077 9.91992
103 21.7715 9.93799
104 21.844 9.9386
105 21.9344 9.98866
106 22.0661 10.0689
107 22.1461 10.1126
108 22.1998 10.1589
109 22.2715 10.1991
110 22.3347 10.2222
111 22.404 10.2488
112 22.48 10.2846
113 22.6032 10.339
114 22.6351 10.4149
115 22.7639 10.4406
116 22.8165 10.4822
117 22.9186 10.5149
118 23.0062 10.5238
119 23.1478 10.5977
120 23.2334 10.6552
121 23.3449 10.7316
122 23.37 10.7575
123 23.4777 10.7671
124 23.6321 10.8065
125 23.7768 10.8133
126 23.8842 10.8941
127 23.93 10.9503
128 24.0028 10.9875
129 24.0851 10.9855
130 24.1781 11.0644
131 24.272 11.1385
132 24.3309 11.16
133 24.4132 11.1906
134 24.4477 11.236
135 24.4918 11.2045
136 24.5328 11.2619
137 24.5784 11.2989
138 24.6326 11.3447
139 24.7193 11.3838
140 24.8263 11.4308
141 24.8493 11.4592
142 24.9245 11.4698
143 24.9964 11.4961
144 25.0485 11.5012
145 25.115 11.5333
146 25.1311 11.5565
147 25.1653 11.5589
148 25.1643 11.5981
149 25.2161 11.5944
150 25.275 11.6349
151 25.2908 11.6796
152 25.3272 11.6828
153 25.3973 11.6882
154 25.467 11.6642
155 25.5248 11.6831
156 25.5815 11.7077
157 25.7046 11.7705
158 25.808 11.8215
159 25.9004 11.8545
160 26.001 11.8888
161 26.0612 11.9373
162 26.1327 11.9802
163 26.1796 12.0278
164 26.2475 12.0223
165 26.3034 12.0608
166 26.4361 12.1122
167 26.4807 12.1725
168 26.5389 12.2222
169 26.5625 12.2786
170 26.5717 12.2666
171 26.685 12.2835
172 26.7481 12.3139
173 26.8039 12.3002
174 26.822 12.2869
175 26.8692 12.2927
176 26.8975 12.3044
177 26.9471 12.3198
178 26.9687 12.3448
179 26.9745 12.3734
180 27.0753 12.3871
181 27.149 12.4192
182 27.2083 12.4593
183 27.2331 12.4724
184 27.2685 12.5282
185 27.3084 12.5251
186 27.3025 12.5725
187 27.3404 12.5828
188 27.3703 12.6242
189 27.378 12.639
190 27.4087 12.6093
191 27.4539 12.6509
192 27.4832 12.6624
193 27.553 12.6658
194 27.5835 12.6492
195 27.6349 12.6695
196 27.7004 12.7067
197 27.7947 12.7443
198 27.8228 12.7903
199 27.8346 12.8113
200 27.8805 12.8078
201 27.9564 12.8185
202 27.9648 12.8144
203 27.9827 12.8124
204 27.9812 12.834
205 27.9868 12.8687
206 28.0362 12.9089
207 28.0898 12.8982
208 28.1601 12.9324
209 28.2095 12.9466
210 28.2068 12.9395
211 28.2057 12.9678
212 28.2596 13.0005
213 28.317 13.0387
214 28.3491 13.0513
215 28.3913 13.0734
216 28.4573 13.0745
217 28.5269 13.0859
218 28.5374 13.1072
219 28.564 13.1481
220 28.6089 13.1526
221 28.652 13.1727
222 28.7086 13.2004
223 28.7075 13.2092
224 28.6942 13.2155
225 28.6966 13.2197
226 28.7036 13.2094
227 28.6994 13.2147
228 28.7134 13.2236
229 28.7255 13.2149
230 28.7786 13.2331
231 28.8053 13.2266
232 28.8128 13.2431
233 28.856 13.2581
234 28.9019 13.2893
235 28.9564 13.3119
236 28.9891 13.3223
237 29.0032 13.3352
238 29.0211 13.3341
239 29.0333 13.3292
240 29.1244 13.3411
241 29.1733 13.3786
242 29.2117 13.3898
243 29.2785 13.4087
244 29.3031 13.4365
245 29.3207 13.4524
246 29.3143 13.4607
247 29.3078 13.4811
248 29.3139 13.4853
249 29.2857 13.4905
250 29.3276 13.4898
251 29.3758 13.495
252 29.4217 13.5223
253 29.4555 13.5491
254 29.4701 13.5658
255 29.4921 13.5723
256 29.4964 13.5616
257 29.5174 13.5427
258 29.5314 13.5473
259 29.5627 13.5521
260 29.6065 13.5785
261 29.6324 13.6045
262 29.6819 13.6118
263 29.7584 13.6425
264 29.8247 13.6817
265 29.8707 13.6917
266 29.8771 13.6984
267 29.9142 13.7285
268 29.9893 13.7818
269 30.0196 13.8299
270 30.0524 13.8234
271 30.0839 13.8207
272 30.0808 13.8269
273 30.0833 13.8098
274 30.1118 13.8227
275 30.1152 13.8413
276 30.1205 13.867
277 30.1473 13.8604
278 30.1406 13.8447
279 30.1789 13.8565
280 30.2111 13.8632
281 30.2252 13.8809
282 30.2005 13.8988
283 30.1902 13.905
284 30.2108 13.9266
285 30.2356 13.9426
286 30.2368 13.9288
287 30.2585 13.9046
288 30.2468 13.9123
289 30.248 13.9242
290 30.2473 13.919
291 30.2562 13.9193
292 30.2881 13.9223
293 30.301 13.9286
294 30.2842 13.9242
295 30.3264 13.9218
296 30.3748 13.9196
297 30.4036 13.9303
298 30.4081 13.9537
299 30.4007 13.968
300 30.3985 13.9862
301 30.4482 14.0038
302 30.468 14.0109
303 30.4809 14.0084
304 30.5247 14.0212
305 30.5534 14.0478
306 30.5569 14.0473
307 30.5512 14.043
308 30.5701 14.0538
309 30.6175 14.0485
310 30.6366 14.0477
311 30.6539 14.0672
312 30.7379 14.0908
313 30.808 14.1193
314 30.8296 14.1197
315 30.8346 14.1453
316 30.8303 14.1625
317 30.8363 14.1584
318 30.8406 14.1651
319 30.8604 14.1629
320 30.8862 14.1665
321 30.8879 14.1744
322 30.8785 14.1888
323 30.9033 14.2109
324 30.9345 14.2225
325 30.98 14.2406
326 31.0013 14.2523
327 31.0076 14.2499
328 31.0331 14.2503
329 31.0373 14.2439
330 31.0403 14.2491
331 31.0425 14.2851
332 31.0574 14.3085
333 31.0631 14.2871
334 31.0936 14.2955
335 31.0911 14.3035
336 31.0911 14.2921
337 31.0884 14.2973
338 31.1044 14.2939
339 31.1202 14.2921
340 31.138 14.2928
341 31.147 14.3229
342 31.1537 14.3397
343 31.1613 14.3411
344 31.1983 14.3472
345 31.1933 14.3464
346 31.1858 14.3465
347 31.2248 14.3488
348 31.2441 14.3475
349 31.3 14.3673
350 31.2997 14.3607
351 31.3115 14.3999
352 31.3253 14.4027
353 31.3445 14.399
354 31.3377 14.4039
355 31.3522 14.4052
356 31.3594 14.4088
357 31.3657 14.4245
358 31.3759 14.4437
359 31.3803 14.4312
360 31.3759 14.4322
361 31.3669 14.4275
362 31.3746 14.4102
363 31.3785 14.4225
364 31.3836 14.4208
365 31.3764 14.4176
366 31.3854 14.4312
367 31.3832 14.4153
368 31.399 14.4069
369 31.4093 14.4231
370 31.4171 14.4358
371 31.4186 14.448
372 31.4246 14.4433
373 31.4326 14.4514
374 31.4297 14.4506
375 31.4249 14.4456
376 31.4263 14.455
377 31.4207 14.4584
378 31.4207 14.4575
379 31.4019 14.4645
380 31.4205 14.4665
381 31.4148 14.4604
382 31.4319 14.4584
383 31.4594 14.4443
384 31.4559 14.448
385 31.4626 14.4467
386 31.4632 14.4537
387 31.457 14.4564
388 31.4506 14.471
389 31.4461 14.4778
390 31.4523 14.4807
391 31.4573 14.471
392 31.463 14.4688
393 31.468 14.4647
394 31.5092 14.4747
395 31.5282 14.4781
396 31.5682 14.4995
397 31.5942 14.5042
398 31.5965 14.5118
399 31.6226 14.5417
